image: mymap.pgm
resolution: 0.015000
origin: [-12.585000, -12.585000, 0.000000]
negate: 0
occupied_thresh: 0.65
free_thresh: 0.196

